[([[54, 16], [148, 16], [148, 42], [54, 42]], 'MAGMA', 0.5595285993172946), ([[322, 10], [422, 10], [422, 34], [322, 34]], 'GST Invoice', 0.8769785558389859), ([[23, 39], [61, 39], [61, 53], [23, 53]], 'GSTIM:', 0.5629748650707784), ([[135, 41], [219, 41], [219, 55], [135, 55]], 'ZAADCCr-asDiza', 0.14743163558653413), ([[235, 43], [291, 43], [291, 55], [235, 55]], 'InternalDc', 0.9799070173483585), ([[304, 46], [326, 46], [326, 54], [304, 54]], 'neni', 0.17538882791996002), ([[325, 43], [347, 43], [347, 57], [325, 57]], 'No:', 0.5451698303222656), ([[363, 45], [413, 45], [413, 57], [363, 57]], '2201172172', 0.2941734689599913), ([[463, 45], [501, 45], [501, 59], [463, 59]], 'PONo;', 0.30363277187035176), ([[547, 47], [609, 47], [609, 59], [547, 59]], '5,22 253367', 0.4864052810876296), ([[675, 49], [705, 49], [705, 61], [675, 61]], 'Date:', 0.49921560233866863), ([[23, 53], [103, 53], [103, 67], [23, 67]], 'GST Invoice No;', 0.8523495636906158), ([[135, 55], [185, 55], [185, 69], [135, 69]], '2313037499', 0.5544027607954215), ([[236, 58], [262, 58], [262, 66], [236, 66]], 'Hodc', 0.18088501691818237), ([[276, 56], [327, 56], [327, 70], [276, 70]], 'Transport', 0.975379688646676), ([[363, 59], [413, 59], [413, 71], [363, 71]], '846357e01', 0.10591869354287328), ([[464, 62], [542, 62], [542, 70], [464, 70]], 'Payment Tetna=', 0.08536723072609234), 
([[731, 49], [787, 49], [787, 63], [731, 63]], '707.1212022', 0.15559974096236784), ([[547, 61], [585, 61], [585, 
73], [547, 73]], '0ao2', 0.1665465384721756), ([[615, 63], [659, 63], [659, 75], [615, 75]], '@lmonh', 0.15911890729168912), ([[675, 63], [727, 63], [727, 75], [675, 75]], 'Duc Date:', 0.47076838250632297), ([[731, 63], [777, 63], [777, 77], [731, 77]], '60n', 0.17858117702190335), ([[22, 66], [121, 66], [121, 82], [22, 82]], 'Receipt Voucher no.', 0.7634493065369309), ([[235, 71], [329, 71], [329, 85], [235, 85]], 'Motor Veh Reg No:', 0.9009862946910348), ([[363, 73], [417, 73], [417, 85], [363, 85]], 'Uh1414835', 0.07736270341487102), ([[463, 73], [589, 73], [589, 87], [463, 87]], 'Delivery Challan   E0972144', 0.38217433264261125), ([[676, 78], [702, 78], [702, 86], [676, 
86]], 'Date:', 0.20863342258908685), ([[23, 81], [53, 81], [53, 95], [23, 95]], 'Place', 0.9918860682904935), ([[63, 83], [105, 83], [105, 97], [63, 97]], 'Supply:', 0.4918814104327561), ([[135, 83], [197, 83], [197, 97], [135, 
97]], '27-Maharashira', 0.6271712321068129), ([[236, 86], [258, 86], [258, 94], [236, 94]], 'Date', 0.9744534492492676), ([[270, 86], [294, 86], [294, 94], [270, 94]], 'Tlnd', 0.17044010758399963), ([[308, 84], [349, 84], [349, 
102], [308, 102]], 'Supply:', 0.9753301947141717), ([[363, 87], [409, 87], [409, 99], [363, 99]], '1407 Z0z3[', 0.24633897648652825), ([[413, 87], [451, 87], [451, 101], [413, 101]], '2 48 55', 0.4324486679495047), ([[463, 87], 
[533, 87], [533, 101], [463, 101]], 'EWay BilI No :', 0.407680938812466), ([[547, 89], [607, 89], [607, 101], [547, 101]], '291616315427', 0.5225601944113535), ([[733, 77], [777, 77], [777, 91], [733, 91]], '14 07 2023', 0.2828763683425271), ([[22, 98], [50, 98], [50, 106], [22, 106]], 'IRNJ', 0.0194383691996336), ([[64, 98], [130, 98], [130, 106], [64, 106]], 'Yacroiaretod:', 0.00433788767863614), ([[128, 97], [250, 97], [250, 111], [128, 111]], 'Jilbc? UJI4Scba7oneebla]Zacjo"e', 0.013598836588204788), ([[258, 97], [323, 97], [323, 114], [258, 114]], '2ied UJi0126', 0.00406587502634624), ([[675, 91], [705, 91], [705, 103], [675, 103]], 'Date:', 0.32590876231082005), ([[732, 
89], [777, 89], [777, 106], [732, 106]], '14.07.2023', 0.6423733339168922), ([[383, 101], [457, 101], [457, 115], 
[383, 115]], 'Achko 122317125', 0.18697482310344246), ([[485, 103], [589, 103], [589, 117], [485, 117]], 'Ipale: 2023407-14zi5100', 0.010421379182802549), ([[55, 111], [149, 111], [149, 123], [55, 123]], 'ISKODAT AUTO Voll', 0.27257896471674703), ([[19, 107], [65, 107], [65, 149], [19, 149]], 'F', 0.16115323177524488), ([[40, 112], [132, 112], [132, 142], [40, 142]], "Kioepon 440581'", 0.004124703180866395), ([[145, 121], [193, 121], [193, 141], [145, 
141]], 'Parashng', 0.05422236800505312), ([[160, 112], [372, 112], [372, 142], [160, 142]], '998n3gy8 Mhalunge Chakan MiDc,', 0.08214650961803144), ([[379, 113], [503, 113], [503, 157], [379, 157]], 'E3z', 0.04143344933261753), 
([[466, 116], [602, 116], [602, 148], [466, 148]], '237745', 0.01972634007463212), ([[602, 128], [630, 128], [630, 136], [602, 136]], 'Hana', 0.0393948033452034), ([[397, 133], [433, 133], [433, 153], [397, 153]], "'08114", 0.3201514817747581), ([[453, 141], [493, 141], [493, 155], [453, 155]], '500 Far', 0.7691879843060933), ([[488, 124], 
[568, 124], [568, 156], [488, 156]], '274', 0.08310467601486571), ([[191, 155], [283, 155], [283, 169], [191, 169]], 'Customer Na : 1141011', 0.44782449858666734), ([[381, 157], [415, 157], [415, 171], [381, 171]], 'CINKO', 0.2393434743705313), ([[467, 159], [573, 159], [573, 173], [467, 173]], 'UL42DOPA200-FTCIJ9 6', 0.007322634671800916), ([[21, 165], [129, 165], [129, 179], [21, 179]], 'CSIIN Z7AACCV4229P1ZL', 0.22352971510811495), ([[191, 167], [237, 167], [237, 179], [191, 179]], 'Slale Codes', 0.24748717688170765), ([[243, 166], [337, 166], [337, 182], [243, 182]], 'Descp 27 Manarashn', 0.16622506034050682), ([[381, 169], [495, 169], [495, 183], [381, 183]], 'Vendot/Supplier Code:', 0.4203669865327413), ([[551, 171], [587, 171], [587, 185], [551, 185]], '103550', 0.8007628319492598), ([[21, 175], [69, 175], [69, 189], [21, 189]], '(ship To)', 0.3839610673452401), ([[381, 181], [405, 181], [405, 193], [381, 193]], 'Pak', 0.4063618704826608), ([[465, 181], [523, 181], [523, 193], [465, 193]], 'Mdcosesd', 0.09879238243467667), ([[19, 187], [147, 187], [147, 223], [19, 223]], '688dkte "85332', 0.0008851930757502232), ([[131, 191], [224, 191], [224, 224], [131, 224]], '2378', 0.11151450127363205), ([[151, 193], [179, 193], [179, 211], [151, 211]], 'India=', 0.21805033366865553), ([[174, 190], [372, 190], [372, 218], [174, 218]], 'Kxt Hi Nigoje Mhalunge Chakan MIDC,', 0.1344437310998274), ([[381, 193], [413, 193], [413, 205], [381, 205]], 'GSTN', 0.3325413763523102), ([[465, 193], [549, 193], [549, 207], [465, 207]], 'Z7AADCCE4EsdiZO', 0.13935928226648572), ([[21, 207], [61, 207], [61, 227], [21, 227]], 'Sharan', 0.26925215462792973), ([[149, 235], [241, 235], [241, 247], [149, 247]], 'Cusloter No 11410114', 0.2946520738588956), ([[277, 237], [319, 237], [319, 249], [277, 249]], 'Piani 1837', 
0.15456096748656017), ([[21, 245], [129, 245], [129, 257], [21, 257]], 'GSTN Z7#ACCV4ZZPIZT', 0.2088629748813336), ([[147, 247], [193, 247], [193, 259], [147, 259]], 'Slate Cooa', 0.493547670871385), ([[198, 245], [295, 245], [295, 261], [198, 261]], 'Descra 27-Maharashtra', 0.31339248653709656), ([[41, 269], [97, 269], [97, 283], [41, 283]], 'Cosma IPN', 0.9968400456399348), ([[103, 271], [153, 271], [153, 283], [103, 283]], 'Customer', 0.952108406740942), ([[169, 271], [241, 271], [241, 285], [169, 285]], 'Doscription of', 0.47234418003519346), ([[257, 263], [285, 263], [285, 277], [257, 277]], 'THSN', 0.30065470933914185), ([[289, 273], [311, 273], [311, 287], [289, 287]], 'Oty', 0.8478708857600022), ([[322, 274], [344, 274], [344, 282], [322, 282]], 'Ral', 0.07106617999908318), ([[363, 273], [405, 273], [405, 287], [363, 287]], 'TA Rale', 0.9207871704027272), ([[425, 275], [457, 275], [457, 287], [425, 287]], 'Basic', 0.7994559150855086), ([[480, 276], [518, 276], [518, 284], [480, 284]], 'nahln', 0.03611523234575898), ([[100, 284], [134, 284], [134, 292], [100, 292]], 'Matert', 0.10888375418353548), ([[559, 277], [593, 277], [593, 289], [559, 289]], 'CGST', 0.7197199463844299), ([[647, 277], [679, 277], [679, 291], [647, 291]], 'SGST', 0.7242900729179382), ([[738, 280], [762, 280], [762, 288], [738, 288]], 'IcST', 0.1422175570345326), ([[165, 283], [199, 283], [199, 297], [165, 297]], 'Goods', 0.8326642955707007), ([[203, 283], [249, 283], [249, 297], [203, 297]], 'Senvicos', 0.3490625637039503), ([[257, 283], [311, 283], [311, 297], [257, 297]], 'SAC UOM', 0.7334791562909152), ([[321, 285], [349, 285], [349, 297], [321, 297]], '(INR]', 0.5403876132044803), ([[365, 285], [407, 285], [407, 297], [365, 297]], 'Pet Unit', 0.49461986431427746), ([[422, 288], [460, 288], [460, 296], [422, 296]], 'Amouni', 0.45011664260684775), ([[469, 287], [555, 287], [555, 301], [469, 301]], '"Valuc[INRI Rate]', 0.12556418839520123), ([[566, 290], [604, 290], [604, 298], [566, 298]], 'Amoumi', 0.22364240288505335), ([[654, 292], [692, 292], [692, 300], [654, 300]], 'uouni', 0.3155471624211495), ([[705, 291], [731, 291], [731, 303], [705, 303]], 'Rate', 0.8477457165718079), ([[742, 290], [783, 290], [783, 302], [742, 302]], 'Amount', 0.7554531620470831), ([[47, 295], [89, 295], [89, 309], [47, 309]], '04dd19A', 0.0178930249768557), ([[101, 295], [155, 295], [155, 309], [101, 309]], '6veted2', 0.014457572407207506), ([[192, 296], [246, 296], [246, 320], [192, 320]], 'BMHEsU', 0.3186794626574915), ([[323, 299], [353, 299], [353, 311], [323, 311]], 'Ja', 0.6185037110618444), ([[421, 301], [459, 301], [459, 313], [421, 313]], 'Viw', 0.026256887236129834), ([[489, 301], [555, 301], [555, 315], [489, 315]], '79320t4ummmm', 0.006206975917524007), ([[580, 304], [612, 304], [612, 312], [580, 312]], 'crnied', 0.009428849324165251), ([[667, 303], [703, 303], [703, 317], [667, 317]], 'T8', 0.12987520781321446), ([[47, 315], [89, 315], [89, 327], [47, 327]], 'Vo', 0.11462482471201127), ([[101, 315], [153, 315], [153, 329], [101, 329]], 'Wmuttui', 0.029464874000204574), ([[171, 314], [244, 314], [244, 340], [171, 340]], 'SMsuv', 0.12513443110932754), ([[284, 320], [306, 320], [306, 328], [284, 328]], 'Kdu', 0.12988151627020256), ([[323, 319], [353, 319], [353, 331], [323, 331]], 'JaX', 0.039123565805578644), ([[421, 319], [459, 319], [459, 333], [421, 333]], '9204', 0.1686435043811798), 
([[489, 321], [553, 321], [553, 333], [489, 333]], 'do', 0.05587317250774713), ([[577, 323], [613, 323], [613, 335], [577, 335]], 'Fiedleo', 0.006164570503020108), ([[617, 323], [643, 323], [643, 337], [617, 337]], 'Tc', 0.09756662156515333), ([[667, 323], [701, 323], [701, 337], [667, 337]], '1ju', 0.0720441132945153), ([[47, 335], [89, 335], [89, 347], [47, 347]], '[4od 2JA', 0.08436933043919957), ([[101, 335], [153, 335], [153, 349], [101, 349]], 'Mw429', 0.014371544366082655), ([[161, 337], [253, 337], [253, 357], [161, 357]], 'PiLLaR uoCement', 0.011633149423869286), ([[323, 339], [353, 339], [353, 351], [323, 351]], 'riJto', 0.01815587627449916), ([[419, 339], [461, 339], [461, 353], [419, 353]], '1SS', 0.1060549179147673), ([[485, 341], [553, 341], [553, 353], [485, 353]], 'nols', 0.01351450476795435), ([[577, 341], [641, 341], [641, 355], [577, 355]], '29utimo', 0.026347484036335553), ([[665, 343], [701, 343], [701, 355], [665, 355]], 'J9Dt', 0.006972330156713724), ([[101, 355], [153, 355], [153, 367], 
[101, 367]], 'SUL 6491204', 0.020430274330162534), ([[160, 354], [230, 354], [230, 378], [160, 378]], 'NARENEOREH', 0.037145124212230464), ([[225, 357], [253, 357], [253, 369], [225, 369]], 'Ment', 0.23891329765319824), ([[324, 
360], [350, 360], [350, 366], [324, 366]], 'Sa', 0.020003825775795722), ([[419, 359], [461, 359], [461, 371], [419, 371]], 'HotSUSt', 0.0011041088669606416), ([[485, 359], [525, 359], [525, 373], [485, 373]], '159', 0.30137422067008246), ([[577, 361], [615, 361], [615, 373], [577, 373]], 'ESot', 0.03849678486585617), ([[665, 363], [701, 363], [701, 375], [665, 375]], 'Aa0ut', 0.006558176199120363), ([[539, 395], [663, 395], [663, 415], [539, 415]], '5o0(006363', 0.43256904774174293), ([[480, 424], [502, 424], [502, 432], [480, 432]], 'Koli', 0.020686086267232895), ([[20, 430], [74, 430], [74, 438], [20, 438]], 'Grand Tot', 0.39415515991751665), ([[89, 429], [421, 429], [421, 
447], [89, 447]], 'wordD] SEVENTY THOUSAND Sixty NINe Rupeud FiftY Two Paiso', 0.034488151349730906), ([[476, 436], [500, 436], [500, 444], [476, 444]], 'cosI', 0.10842571407556534), ([[751, 427], [791, 427], [791, 439], [751, 439]], 'Hed', 0.11094440379539115), ([[476, 448], [500, 448], [500, 454], [476, 454]], 'U', 0.004378467853094259), 
([[562, 460], [650, 460], [650, 486], [562, 486]], 'AP523N199981', 0.8376794822466287), ([[19, 497], [131, 497], [, [475, 505]], 'Grnd otaIjINR]', 0.2881293674960475), ([[751, 495], [791, 495], [791, 507], [751, 507]], '40tos9u52', 0.006314775135275099), ([[557, 503], [721, 503], [721, 517], [557, 517]], 'MMngna Automotlve IndlPv Ltd', 0.0793644148122744), ([[73, 519], [135, 519], [135, 531], [73, 531]], 'pancuen Ohan', 0.034806125160826984), ([[182, 5, [266, 530]], 'Ind Clt', 0.4800923740584251), ([[356, 524], [466, 524], [466, 532], [356, 532]], 'plot Haly charedlnd Fl', 0.0032181094849863395), ([[569, 523], [773, 523], [773, 535], [569, 535]], 'DS MaCHA Auiowoiivl MdLA PitivATE Lauied +', 0.005611286586021436), ([[77, 531], [291, 531], [291, 543], [77, 543]], 'Eubona| contderelkn #rce1676381677956969), ([[564, 531], [731, 531], [731, 545], [564, 545]], '"202] 07.140z0 7 7J+0z 0o[Eurey & Darba]', 
0.003652043439688673), ([[66, 550], [116, 550], [116, 558], [66, 558]], "'G Mvnbin", 0.0025788541774021587), ([[128, 552], [158, 552], [158, 558], [128, 558]], 'firae', 0.0015827753754160535), ([[577, 545], [686, 545], [686, 570ge No: [IT1]', 0.39844677484226443), ([[579.2191311905569, 62.375304952445575], [605.8541985556144, 59.48005305310426], [607.7808688094431, 71.62469504755443], [581.1458014443856, 74.51994694689574]], 'd', 0.17787676548536613), 
([[157.4187618062809, 548.1862665287932], [186.96399261820608, 551.7340710018742], [185.5812381937191, 563.8137334[]